    -2     1     0     0     0     0     0     0
     1    -2     1     0     0     0     0     0
     0     1    -2     1     0     0     0     0
     0     0     1    -2     1     0     0     0
     0     0     0     1    -2     1     0     0
     0     0     0     0     1    -2     1     0
     0     0     0     0     0     1    -2     1
     0     0     0     0     0     0     1    -2

     1
     1
     1
     1
     1
     1
     1
     1

The augmented matrix : 
    -2     1     0     0     0     0     0     0     1
     1    -2     1     0     0     0     0     0     1
     0     1    -2     1     0     0     0     0     1
     0     0     1    -2     1     0     0     0     1
     0     0     0     1    -2     1     0     0     1
     0     0     0     0     1    -2     1     0     1
     0     0     0     0     0     1    -2     1     1
     0     0     0     0     0     0     1    -2     1


The L matrix :
  Columns 1 through 7

  -2.000000000000000                   0                   0                   0                   0                   0                   0
   1.000000000000000  -1.500000000000000                   0                   0                   0                   0                   0
                   0   1.000000000000000  -1.333333333333333                   0                   0                   0                   0
                   0                   0   1.000000000000000  -1.250000000000000                   0                   0                   0
                   0                   0                   0   1.000000000000000  -1.200000000000000                   0                   0
                   0                   0                   0                   0   1.000000000000000  -1.166666666666667                   0
                   0                   0                   0                   0                   0   1.000000000000000  -1.142857142857143
                   0                   0                   0                   0                   0                   0   1.000000000000000

  Column 8

                   0
                   0
                   0
                   0
                   0
                   0
                   0
  -1.125000000000000

The forward substitution gives :
  -0.500000000000000
  -1.000000000000000
  -1.500000000000000
  -2.000000000000000
  -2.500000000000000
  -3.000000000000000
  -3.500000000000000
  -4.000000000000000

The U matrix :
  Columns 1 through 7

   1.000000000000000  -0.500000000000000                   0                   0                   0                   0                   0
                   0   1.000000000000000  -0.666666666666667                   0                   0                   0                   0
                   0                   0   1.000000000000000  -0.750000000000000                   0                   0                   0
                   0                   0                   0   1.000000000000000  -0.800000000000000                   0                   0
                   0                   0                   0                   0   1.000000000000000  -0.833333333333333                   0
                   0                   0                   0                   0                   0   1.000000000000000  -0.857142857142857
                   0                   0                   0                   0                   0                   0   1.000000000000000
                   0                   0                   0                   0                   0                   0                   0

  Column 8

                   0
                   0
                   0
                   0
                   0
                   0
  -0.875000000000000
   1.000000000000000

The vector solution is :
  -3.999999999999999
  -6.999999999999998
  -8.999999999999998
 -10.000000000000000
 -10.000000000000000
  -9.000000000000000
  -7.000000000000000
  -4.000000000000000
