  Columns 1 through 7

   0.822401807645737   0.767398734960137   0.950368401514900   0.609049324383808   0.828717426160072   0.215889142296026   0.045395274661640
   0.348234578993427   0.084952215865014   0.694286247565555   0.918923432010552   0.685944708438845   0.001008878507012   0.841729744761010
   0.165470595368233   0.728764079592672   0.206806527020916   0.733574443373122   0.267325055095755   0.906606243116842   0.048249917605632
   0.028133568008257   0.447889643587710   0.554762325956739   0.301146952100848   0.969483564592453   0.680041945628298   0.316320497497147
   0.955369765277556   0.651248663216932   0.879278484511919   0.495574479030430   0.183774202665835   0.514951805346954   0.783419430439279
   0.680290711705600   0.169501870614945   0.557857690719796   0.258163023498381   0.299940922944898   0.522068881119071   0.972400059712246
   0.860562114724664   0.531449241359580   0.752334060151411   0.732854363876553   0.411184890688863   0.102918579221459   0.586464080739028
   0.939093515352434   0.633800858193960   0.894900792229508   0.116760751041515   0.236489187115421   0.996880488188375   0.778043849281618
   0.680193964448052   0.014096004182692   0.841844173064890   0.746041563257602   0.195055322681085   0.358968819374506   0.727697443692381
   0.917423748447434   0.470371335231002   0.130856682645948   0.809789107094191   0.705379279645915   0.625242598780211   0.650986797126378
   0.256691670901158   0.886325971168106   0.189153933851989   0.745233681211662   0.180548253665843   0.393366521225294   0.664615020149917
   0.885618134429019   0.114028435678071   0.153639830892556   0.337143314113377   0.522332917921855   0.007662445500404   0.938779800520264
   0.920042790118182   0.442541151650179   0.028902065665100   0.584324980436338   0.296171823286006   0.545284934032101   0.535081265717780
   0.300063440036683   0.659547888161553   0.009084898491814   0.468952104955939   0.462781888284344   0.509110374446584   0.398440118410103
   0.073390946693793   0.294772970267685   0.596451741972037   0.087265034460069   0.925232416679281   0.246778920321399   0.670457661455949

  Columns 8 through 14

   0.440534471776437   0.932194870092600   0.701843478892324   0.367109043854200   0.701552809275043   0.540215087042906   0.214237510073561
   0.132873944778060   0.092229496388848   0.086481697079467   0.239607700586711   0.111617712753208   0.953827837894086   0.547061105978206
   0.439203747941782   0.953539972829461   0.616787239562239   0.346140201697452   0.095823732470098   0.208905741989429   0.784709480995610
   0.547642742273276   0.162795658817501   0.173771583224603   0.249619835400228   0.597833772320779   0.116332096224402   0.194441094252232
   0.395136375845411   0.970455087271826   0.651401064738548   0.387064314143913   0.812232610355035   0.646220067892793   0.746889151997501
   0.398271994525130   0.597006665267872   0.498696405983114   0.421038370433554   0.814578174036320   0.108411089785024   0.475558224441359
   0.751348651125886   0.240227119123713   0.284510688567093   0.640077289145426   0.089436965143399   0.983496924216579   0.583258581227704
   0.522350346054575   0.070295161477755   0.830559738735304   0.787552972956609   0.731278705325746   0.248344038446042   0.260548081851841
   0.490433033651247   0.300041215108974   0.818359882483340   0.269994423620667   0.903856576224039   0.606355720132135   0.084822459630836
   0.088678934542477   0.813544823896987   0.938169403753504   0.843982360725910   0.452231787215498   0.816695272780671   0.298132851184017
   0.250851633092814   0.076709874200815   0.000326096340119   0.740468380221871   0.070687676358619   0.830054212606881   0.917129358876880
   0.447559022780024   0.354473095439048   0.640389224633762   0.826101948913986   0.241278155067504   0.489039332451187   0.470518192745995
   0.637960896081718   0.132010874408976   0.007355692776486   0.182192247374924   0.731865059823696   0.760728256118080   0.269467553234544
   0.709445291503946   0.158179630334593   0.106421106692614   0.065436182755649   0.040491615659171   0.915107935348786   0.762970476944780
   0.992619809281419   0.062147051617368   0.106794413254953   0.610350262112943   0.424522762856597   0.900974956264358   0.772172105182967

  Column 15

   0.021299624109668
   0.879986192497539
   0.798170184137338
   0.324165238549624
   0.669044416639185
   0.296293863351080
   0.929952043676770
   0.281960434914488
   0.168879971344252
   0.745166604030062
   0.477134351507709
   0.653444541099485
   0.966575933053896
   0.313027488227721
   0.076439457812078

     1
     2
     3
     4
     5
     6
     7
     8
     9
    10
    11
    12
    13
    14
    15

The augmented matrix : 
  Columns 1 through 7

   0.822401807645737   0.767398734960137   0.950368401514900   0.609049324383808   0.828717426160072   0.215889142296026   0.045395274661640
   0.348234578993427   0.084952215865014   0.694286247565555   0.918923432010552   0.685944708438845   0.001008878507012   0.841729744761010
   0.165470595368233   0.728764079592672   0.206806527020916   0.733574443373122   0.267325055095755   0.906606243116842   0.048249917605632
   0.028133568008257   0.447889643587710   0.554762325956739   0.301146952100848   0.969483564592453   0.680041945628298   0.316320497497147
   0.955369765277556   0.651248663216932   0.879278484511919   0.495574479030430   0.183774202665835   0.514951805346954   0.783419430439279
   0.680290711705600   0.169501870614945   0.557857690719796   0.258163023498381   0.299940922944898   0.522068881119071   0.972400059712246
   0.860562114724664   0.531449241359580   0.752334060151411   0.732854363876553   0.411184890688863   0.102918579221459   0.586464080739028
   0.939093515352434   0.633800858193960   0.894900792229508   0.116760751041515   0.236489187115421   0.996880488188375   0.778043849281618
   0.680193964448052   0.014096004182692   0.841844173064890   0.746041563257602   0.195055322681085   0.358968819374506   0.727697443692381
   0.917423748447434   0.470371335231002   0.130856682645948   0.809789107094191   0.705379279645915   0.625242598780211   0.650986797126378
   0.256691670901158   0.886325971168106   0.189153933851989   0.745233681211662   0.180548253665843   0.393366521225294   0.664615020149917
   0.885618134429019   0.114028435678071   0.153639830892556   0.337143314113377   0.522332917921855   0.007662445500404   0.938779800520264
   0.920042790118182   0.442541151650179   0.028902065665100   0.584324980436338   0.296171823286006   0.545284934032101   0.535081265717780
   0.300063440036683   0.659547888161553   0.009084898491814   0.468952104955939   0.462781888284344   0.509110374446584   0.398440118410103
   0.073390946693793   0.294772970267685   0.596451741972037   0.087265034460069   0.925232416679281   0.246778920321399   0.670457661455949

  Columns 8 through 14

   0.440534471776437   0.932194870092600   0.701843478892324   0.367109043854200   0.701552809275043   0.540215087042906   0.214237510073561
   0.132873944778060   0.092229496388848   0.086481697079467   0.239607700586711   0.111617712753208   0.953827837894086   0.547061105978206
   0.439203747941782   0.953539972829461   0.616787239562239   0.346140201697452   0.095823732470098   0.208905741989429   0.784709480995610
   0.547642742273276   0.162795658817501   0.173771583224603   0.249619835400228   0.597833772320779   0.116332096224402   0.194441094252232
   0.395136375845411   0.970455087271826   0.651401064738548   0.387064314143913   0.812232610355035   0.646220067892793   0.746889151997501
   0.398271994525130   0.597006665267872   0.498696405983114   0.421038370433554   0.814578174036320   0.108411089785024   0.475558224441359
   0.751348651125886   0.240227119123713   0.284510688567093   0.640077289145426   0.089436965143399   0.983496924216579   0.583258581227704
   0.522350346054575   0.070295161477755   0.830559738735304   0.787552972956609   0.731278705325746   0.248344038446042   0.260548081851841
   0.490433033651247   0.300041215108974   0.818359882483340   0.269994423620667   0.903856576224039   0.606355720132135   0.084822459630836
   0.088678934542477   0.813544823896987   0.938169403753504   0.843982360725910   0.452231787215498   0.816695272780671   0.298132851184017
   0.250851633092814   0.076709874200815   0.000326096340119   0.740468380221871   0.070687676358619   0.830054212606881   0.917129358876880
   0.447559022780024   0.354473095439048   0.640389224633762   0.826101948913986   0.241278155067504   0.489039332451187   0.470518192745995
   0.637960896081718   0.132010874408976   0.007355692776486   0.182192247374924   0.731865059823696   0.760728256118080   0.269467553234544
   0.709445291503946   0.158179630334593   0.106421106692614   0.065436182755649   0.040491615659171   0.915107935348786   0.762970476944780
   0.992619809281419   0.062147051617368   0.106794413254953   0.610350262112943   0.424522762856597   0.900974956264358   0.772172105182967

  Columns 15 through 16

   0.021299624109668   1.000000000000000
   0.879986192497539   2.000000000000000
   0.798170184137338   3.000000000000000
   0.324165238549624   4.000000000000000
   0.669044416639185   5.000000000000000
   0.296293863351080   6.000000000000000
   0.929952043676770   7.000000000000000
   0.281960434914488   8.000000000000000
   0.168879971344252   9.000000000000000
   0.745166604030062  10.000000000000000
   0.477134351507709  11.000000000000000
   0.653444541099485  12.000000000000000
   0.966575933053896  13.000000000000000
   0.313027488227721  14.000000000000000
   0.076439457812078  15.000000000000000


The L matrix :
  Columns 1 through 7

   0.822401807645737                   0                   0                   0                   0                   0                   0
   0.348234578993427  -0.239992078887859                   0                   0                   0                   0                   0
   0.165470595368233   0.574360326611887   0.714095961580834                   0                   0                   0                   0
   0.028133568008257   0.421637677336255   1.035025159414227  -1.736972167260896                   0                   0                   0
   0.955369765277556  -0.240224996589244  -0.516897091022262   0.713808603683401  -0.369944929580652                   0                   0
   0.680290711705600  -0.465290303617352  -0.794149066528490   0.911658027481362   0.084842971691569   1.164492355303725                   0
   0.860562114724664  -0.271557600374896  -0.572386791838919   1.105411386901784   0.029384630208199   0.279664010981322   0.274439205556692
   0.939093515352434  -0.242485123902473  -0.485214581986422   0.243524157103422  -0.404069429793329   0.513223014601297  -0.388759817140813
   0.680193964448052  -0.620605893347434  -0.698937599145427   0.679408509350264  -0.386744203719844   0.203362727805211  -1.054779742051588
   0.917423748447434  -0.385694176098978  -1.398380555087645   3.362545455391704   1.438957593480499   3.499491589637499   0.912721328529520
   0.256691670901158   0.646802101335846   0.679128149941613   0.251024273665347  -0.001326596864193  -0.596356753836460   1.389185764178811
   0.885618134429019  -0.712358653577142  -1.736115308714856   3.050902495484758   1.218933428052491   3.009405966109755   1.204045016208859
   0.920042790118182  -0.415968237169192  -1.540179492332123   3.487229970885498   1.179959992530526   3.074098967178310   0.815809251157667
   0.300063440036683   0.379552997402352   0.123924064361804   0.911587511188413   0.650073295003415   1.092732464129080   1.190490725298818
   0.073390946693793   0.226290485031460   0.786843912342621  -1.760249221059441  -0.051910401184723  -0.232113297903242   0.504465568580646

  Columns 8 through 14

                   0                   0                   0                   0                   0                   0                   0
                   0                   0                   0                   0                   0                   0                   0
                   0                   0                   0                   0                   0                   0                   0
                   0                   0                   0                   0                   0                   0                   0
                   0                   0                   0                   0                   0                   0                   0
                   0                   0                   0                   0                   0                   0                   0
                   0                   0                   0                   0                   0                   0                   0
   0.578097198951367                   0                   0                   0                   0                   0                   0
   2.211963376729595   4.491358629908025                   0                   0                   0                   0                   0
  -2.191956817766197  -5.794944499802670   0.047241472232433                   0                   0                   0                   0
  -2.509742045614763  -5.510022311998314   0.450548273015210   4.452743605742507                   0                   0                   0
  -2.074043894656811  -4.501810569898026   0.493124812118198   4.590615168613599  -1.365859912589764                   0                   0
  -1.335286932281112  -3.905777710422418  -0.618379253948479  -7.179762134569094   1.075256282921687  -1.921048318582139                   0
  -1.874804120373617  -4.026330219031139   0.224582101770627   1.398152454612157  -1.491426641357462  -1.253160114602554  -0.203409808604144
  -0.303203018352536   0.476977305386322   0.551251331934485   5.842586135660754  -1.116102668340147   1.617238501802615   0.525532034956217

  Column 15

                   0
                   0
                   0
                   0
                   0
                   0
                   0
                   0
                   0
                   0
                   0
                   0
                   0
                   0
  -5.689865068847716

The forward substitution gives :
   1.0e+02 *

   0.012159506347179
  -0.065692332428142
   0.092031088663752
   0.016061408798634
  -0.158694066261231
   0.079923206116195
   0.214733076134221
   0.124084496766603
  -0.006953311686158
   2.594340964950856
  -0.238905421671187
   0.065145333678548
   0.051489662061725
  -0.064573769844121
  -0.009108021748141

The U matrix :
  Columns 1 through 7

   1.000000000000000   0.933118978856509   1.155601061037899   0.740573912559012   1.007679480341142   0.262510539603560   0.055198413038015
                   0   1.000000000000000  -1.216148465996023  -2.754382521374509  -1.396028862262928   0.376705636086493  -3.427228733744775
                   0                   0   1.000000000000000   3.071070836031173   1.263705963039759   0.905765794035807   2.811359433793535
                   0                   0                   0   1.000000000000000  -0.127684744012030   0.243911270012733   0.662078204603665
                   0                   0                   0                   0   1.000000000000000  -1.753593500082711  -2.400262439201756
                   0                   0                   0                   0                   0   1.000000000000000   1.007209490682154
                   0                   0                   0                   0                   0                   0   1.000000000000000
                   0                   0                   0                   0                   0                   0                   0
                   0                   0                   0                   0                   0                   0                   0
                   0                   0                   0                   0                   0                   0                   0
                   0                   0                   0                   0                   0                   0                   0
                   0                   0                   0                   0                   0                   0                   0
                   0                   0                   0                   0                   0                   0                   0
                   0                   0                   0                   0                   0                   0                   0
                   0                   0                   0                   0                   0                   0                   0

  Columns 8 through 14

   0.535668170571683   1.133502943969888   0.853407023631755   0.446386474885203   0.853053583726130   0.656874877974019   0.260502236354333
   0.223608359616838   1.260439200719047   0.877962887281071  -0.350680300894549   0.772713181592746  -3.021271763099543  -1.901501172410553
   0.311071142151604   0.058860849383115  -0.040181685606918   0.663346725898543  -0.684988255897901   2.570398098068480   2.567933378632246
  -0.066969592076787   0.265672040734366   0.102955580816969   0.173669525452390  -0.550964164521534   0.741919101833763   0.960878309615690
  -0.393806609377843  -0.084108902008101   0.127775632315616  -0.257533438617521  -0.600334093143063  -0.248468691162252  -1.845407554502825
   0.411687255199146   0.192395911694470   0.163185063282640   0.295851253024503   0.517849636773044  -0.307635919974276   0.629879830083022
   1.820494929996569  -2.566182753792048  -1.449067509308119   0.995656975744914  -1.257298398567722   1.247044616096787   0.468119532339239
   1.000000000000000  -3.208848532369851  -0.688473423365536   1.200602106005260  -1.864351258200421   0.878176069413592  -0.553760727930443
                   0   1.000000000000000   0.154825044432963  -0.372020519816156   0.703338959326074  -0.241274875887290   0.166188145379670
                   0                   0   1.000000000000000  -9.627895937538263  22.244430282457646  20.555757876101541 -11.454597811868547
                   0                   0                   0   1.000000000000000  -1.979845785751127  -2.160292213789856   1.011652453150953
                   0                   0                   0                   0   1.000000000000000  -0.144189601362708  -0.590276441432295
                   0                   0                   0                   0                   0   1.000000000000000  -0.222224561347678
                   0                   0                   0                   0                   0                   0   1.000000000000000
                   0                   0                   0                   0                   0                   0                   0

  Column 15

   0.025899291455404
  -3.629149627260476
   4.030724626737036
   1.334666510162454
  -2.441611936955244
   0.671071007585046
   2.324705623806655
   1.005244299397657
  -0.232185484453414
   7.861410806532349
  -1.209470507667434
  -1.350011521783676
   1.055105127646679
   8.667369810493954
   1.000000000000000

The vector solution is :
  -3.303695971600219
   3.936187672475979
 -11.359281853631153
  -1.022869574658772
  -1.087299678694793
  -2.712691826835217
   4.576983708288181
   8.437331076570995
  -5.197175382626621
   7.530371795200663
   1.421314683699242
   7.060131405557527
   6.429268787450480
   1.436882288903799
  -0.910802174814089
